27 0.744026 -0.650296 0.151934 0.0213996 -26.4658 16.3088 -6.81324
26 0.788763 -0.603165 0.117768 0.0133293 -24.2879 6.76083 -6.1415
25 0.787747 -0.611302 0.0563015 0.0509469 -22.6403 -1.35677 -5.10398
24 0.812964 -0.580042 0.0357637 -0.0369151 -20.5343 -7.79963 -5.91297
23 0.863464 -0.445547 0.0347542 -0.233906 -17.5674 -14.2414 -6.55405
22 0.922255 -0.296087 0.0415536 -0.245057 -10.891 -18.2807 -7.31919
21 0.955558 -0.0888076 0.00905263 -0.280962 -3.94246 -19.2798 -8.26833
11 -0.0827838 0.956216 0.28018 0.0172478 4.00482 -19.3286 -8.31988
12 -0.252765 0.927643 0.266052 -0.0693554 10.8791 -18.5266 -6.54743
13 -0.410923 0.893993 0.172082 -0.0480542 17.5063 -14.6277 -6.62827
14 -0.50058 0.863956 0.0523648 0.0161062 20.689 -7.44716 -5.76096
15 -0.566136 0.820716 0.0547993 0.0539633 22.9331 -1.15241 -5.65813
16 -0.595968 0.80025 -0.0166676 -0.0643838 24.5724 6.96 -6.56265
17 -0.634606 0.764989 -0.0176614 -0.108429 26.3419 16.5136 -6.92465
47 -0.160447 0.0501616 -0.780566 0.602044 25.7911 17.6099 1.89096
46 -0.0503412 0.00822272 -0.785621 0.616602 23.06 6.83481 3.98179
45 -0.0304252 -0.0794496 -0.843301 0.530666 20.9044 -2.02528 4.03368
44 0.0486882 0.115305 0.853744 -0.505427 17.9902 -8.41343 5.0784
43 0.00533207 0.1363 0.918811 -0.37038 13.5467 -14.2939 6.52473
42 0.0119389 0.188545 0.967388 -0.168727 7.70639 -16.7449 6.26876
41 -0.0273688 0.200133 0.978874 -0.0316886 2.14336 -17.8923 6.31751
31 -0.189222 -0.00163619 -0.0373121 0.981225 -2.61889 -17.7333 6.06703
32 -0.206221 -0.0496042 -0.175223 0.96141 -8.29698 -16.5845 5.98724
33 -0.170537 0.0288196 -0.316237 0.932783 -13.4805 -13.7832 6.26384
34 -0.0596584 -0.0238316 -0.461815 0.884647 -18.1486 -8.63357 5.09369
35 -0.0302789 -0.0284661 -0.562487 0.825761 -20.6971 -2.1604 4.13859
36 -0.02786 -0.0422288 -0.622027 0.78136 -22.9087 6.8055 3.65995
37 -0.0105124 -0.140949 -0.647985 0.748424 -25.4938 17.6518 1.3774
