27 0.806124 -0.590008 0.0338093 0.0301997 -25.3379 16.9518 -7.04332
26 0.798949 -0.599034 -0.0190733 0.0497537 -22.3628 8.21781 -6.13013
25 0.810382 -0.583026 -0.0332174 0.0475153 -20.5478 0.244446 -5.36252
24 0.810798 -0.581172 -0.0229313 0.0657249 -17.9079 -5.40543 -6.42354
23 0.903792 -0.41509 0.0341735 -0.0984511 -14.594 -11.4496 -6.21108
22 0.927607 -0.2708 -0.0308833 -0.255459 -9.65556 -15.4631 -6.54594
21 0.956365 0.0814821 0.0755177 -0.270228 -3.3585 -18.3994 -6.98465
11 -0.0786587 0.983694 0.159875 0.024475 4.12046 -17.2819 -7.40525
12 -0.0982231 0.97884 0.177106 -0.0293054 10.9332 -14.8468 -6.4392
13 -0.372078 0.914473 0.155901 0.0315126 15.9746 -10.1775 -6.85766
14 -0.49523 0.867971 -0.0177238 -0.0325362 18.9325 -4.66156 -5.92555
15 -0.602442 0.797835 -0.00713641 -0.0217471 21.5761 1.2733 -6.34225
16 -0.556171 0.830529 -0.0135404 -0.0266768 23.5945 9.00787 -7.16559
17 -0.644587 0.763416 0.00800508 -0.0404828 25.6087 17.9495 -7.80929
18 -0.607644 0.764085 0.120518 -0.18005 25.7919 26.5146 -7.75224
48 -0.227127 0.0473946 -0.756913 0.610942 27.632 27.2534 -1.57298
47 -0.165147 0.0768739 -0.792727 0.581722 26.0122 17.8672 1.9593
46 -0.0624375 0.00197671 -0.808825 0.584722 21.3617 7.55425 3.5553
45 -0.0359244 -0.0520567 -0.804965 0.589941 18.9945 -0.323088 4.50119
44 -0.0276003 -0.0536491 -0.823372 0.564286 15.9971 -6.03179 5.04794
43 -0.0219496 0.220424 0.920578 -0.321664 11.7783 -10.3815 6.39536
42 0.0122165 0.219947 0.946843 -0.234443 6.59291 -11.9161 4.9296
41 -0.0873467 0.237986 0.966489 0.0404065 2.58302 -13.9987 5.60179
31 -0.254074 0.0781537 0.0625251 0.961992 -1.14192 -13.8414 5.24497
32 -0.21786 -0.0130837 -0.178264 0.959473 -5.94652 -12.6377 4.85839
33 -0.182143 0.0530261 -0.314607 0.930073 -10.3441 -10.2991 4.69193
34 -0.119747 -0.0268847 -0.551282 0.825243 -15.6504 -6.2321 6.38075
35 -0.0461914 -0.113862 -0.545617 0.828977 -17.8592 -0.270393 5.14462
36 -0.0162307 -0.0742293 -0.598939 0.797181 -20.2958 7.70811 4.39052
37 -0.0214241 -0.157243 -0.537995 0.827875 -24.7854 17.2883 2.13902
